129 555
0 26
0 51
0 55
0 58
0 80
0 114
1 16
1 51
1 88
2 18
2 68
2 91
3 6
3 18
3 25
3 51
3 60
3 63
3 68
3 82
3 122
4 32
4 52
4 60
4 122
5 1
5 30
5 68
5 91
6 5
6 89
6 93
6 122
7 5
7 26
7 54
7 120
8 1
8 36
8 40
8 99
8 103
8 121
8 125
10 10
10 19
10 50
10 62
10 99
10 101
10 103
11 26
11 68
11 92
12 1
12 126
13 20
13 21
13 50
13 53
13 95
13 116
14 7
14 44
15 6
15 16
15 34
15 74
15 92
15 98
15 123
16 8
16 15
16 16
16 59
16 92
16 123
17 9
17 13
17 17
17 43
17 118
18 48
18 53
18 67
18 89
18 92
18 113
18 115
19 20
19 39
19 44
19 62
19 70
19 84
19 100
19 128
20 8
20 14
20 19
20 91
21 64
21 97
21 123
22 42
23 3
23 94
23 123
24 25
24 42
24 57
24 63
24 75
24 89
25 120
26 26
26 40
26 75
27 27
27 95
27 98
27 126
28 1
28 5
28 27
28 51
28 97
28 109
28 119
29 1
29 32
29 40
29 91
29 115
30 13
30 33
30 46
30 59
30 79
30 85
30 105
30 112
31 79
31 115
31 117
32 41
32 118
32 120
32 125
32 127
33 16
33 51
33 85
34 41
34 67
35 1
35 101
36 30
36 41
36 79
37 100
38 10
38 25
38 28
38 61
38 110
39 8
39 18
39 65
40 33
40 41
40 51
40 103
40 109
41 15
41 29
41 71
42 40
42 62
42 105
42 112
42 123
43 24
43 42
44 60
45 16
45 32
45 39
45 57
45 76
45 79
45 117
46 81
46 105
46 107
47 41
47 59
47 60
47 123
48 13
48 17
48 27
48 42
48 88
48 92
48 108
49 9
49 20
49 41
49 98
50 1
50 27
50 58
50 60
50 103
50 124
50 125
51 20
51 27
51 28
51 79
51 111
51 113
52 48
52 67
53 8
53 9
53 28
53 34
53 102
54 32
54 43
54 49
54 65
54 73
54 81
55 33
55 89
55 102
56 1
56 5
56 27
56 37
56 40
56 57
57 33
57 115
58 66
58 75
58 92
58 101
59 3
59 4
59 51
59 79
59 89
59 105
59 108
60 14
60 15
60 93
60 111
60 126
61 4
61 5
61 46
61 93
62 7
62 39
62 44
62 77
62 124
63 13
63 33
63 40
63 60
63 80
63 97
63 106
64 32
64 127
65 0
65 54
65 91
65 100
66 24
66 91
66 93
67 14
67 21
67 24
67 79
68 4
68 80
69 1
69 12
69 37
69 56
69 83
69 97
69 102
69 116
70 88
70 96
71 23
71 37
71 52
71 73
71 82
71 83
71 99
71 102
72 7
72 24
72 64
72 74
72 95
72 99
72 109
73 55
73 56
73 96
73 126
74 15
74 20
74 69
74 82
74 89
75 5
75 111
75 125
76 21
76 24
76 54
76 96
77 52
77 61
77 65
78 7
78 11
78 104
79 71
79 81
79 118
80 34
80 55
80 58
80 62
80 108
81 97
81 118
82 15
82 24
82 30
82 31
82 59
82 94
83 16
83 25
83 57
83 68
83 83
84 4
84 15
84 16
84 33
84 64
84 113
85 10
85 72
85 116
86 11
87 55
87 86
87 103
87 117
87 123
89 19
89 37
89 44
89 46
89 105
90 10
90 28
90 31
90 58
90 70
90 92
91 91
92 72
92 88
93 8
93 23
93 51
93 80
93 98
93 104
93 119
94 4
94 14
94 111
94 125
95 5
95 54
95 80
95 91
95 102
96 19
96 25
96 48
96 57
96 59
96 75
96 86
97 4
97 19
97 36
97 56
98 41
98 57
98 101
98 108
99 14
99 16
99 50
99 67
100 9
100 23
100 42
100 59
100 67
100 82
101 63
101 85
101 93
101 110
102 30
102 52
103 39
103 89
103 119
103 127
104 29
104 65
104 90
104 94
104 119
105 23
105 103
105 114
106 1
106 21
106 47
106 60
106 63
107 10
107 28
107 31
107 53
107 111
107 124
108 59
109 23
109 83
109 88
110 18
110 35
110 68
110 73
110 87
110 120
111 15
111 88
111 91
111 125
111 127
112 47
112 48
112 53
112 55
112 89
112 106
113 11
113 46
113 123
114 40
114 48
114 49
114 50
114 76
114 87
114 110
115 40
115 49
115 55
115 63
115 73
115 112
115 114
116 7
116 14
116 35
116 60
116 101
116 107
116 124
117 44
117 66
117 79
117 81
118 90
118 97
118 128
119 123
120 0
120 14
120 42
120 89
120 116
120 119
121 50
121 105
121 113
122 27
122 63
122 70
122 106
122 114
122 120
123 41
123 94
123 115
124 26
124 63
124 70
124 75
124 78
124 79
125 26
125 107
126 0
126 19
126 83
126 95
126 100
126 116
127 25
127 38
127 42
127 115
128 33
128 48
128 81
128 102
128 103